1 1 1 1 1 1 1 1 1 1 1 1 1 1 1 1 1 1 1 1 1
1 2 2 2 2 2 2 2 2 2 1 2 2 2 2 2 2 2 2 2 1
1 2 1 1 1 2 1 1 1 2 1 2 1 1 1 2 1 1 1 2 1
1 3 1 0 1 2 1 0 1 2 1 2 1 0 1 2 1 0 1 3 1
1 2 1 1 1 2 1 1 1 2 1 2 1 1 1 2 1 1 1 2 1
1 2 2 2 2 2 2 2 2 2 2 2 2 2 2 2 2 2 2 2 1
1 2 1 1 1 2 1 2 1 1 1 1 1 2 1 2 1 1 1 2 1
1 2 1 1 1 2 1 2 1 1 1 1 1 2 1 2 1 1 1 2 1
1 2 2 2 2 2 1 2 2 2 1 2 2 2 1 2 2 2 2 2 1
1 1 1 1 1 2 1 1 1 0 1 0 1 1 1 2 1 1 1 1 1
0 0 0 0 1 2 1 0 0 0 0 0 0 0 1 2 1 0 0 0 0
0 0 0 0 1 2 1 0 1 1 0 1 1 0 1 2 1 0 0 0 0
1 1 1 1 1 2 1 0 1 0 0 0 1 0 1 2 1 1 1 1 1
0 0 0 0 0 2 0 0 1 0 0 0 1 0 0 2 2 0 0 0 0
1 1 1 1 1 2 1 0 1 1 1 1 1 0 1 2 1 1 1 1 1
0 0 0 0 1 2 1 0 0 0 0 0 0 0 1 2 1 0 0 0 0
0 0 0 0 1 2 1 0 1 1 1 1 1 0 1 2 1 0 0 0 0
1 1 1 1 1 2 1 0 1 1 1 1 1 0 1 2 1 1 1 1 1
1 2 2 2 2 2 2 2 2 2 1 2 2 2 2 2 2 2 2 2 1
1 2 1 1 1 2 1 1 1 2 1 2 1 1 1 2 1 1 1 2 1
1 3 2 2 1 2 2 2 2 2 4 2 2 2 2 2 1 2 2 3 1
1 1 1 2 1 2 1 2 1 1 1 1 1 2 1 2 1 2 1 1 1
1 1 1 2 1 2 1 2 1 1 1 1 1 2 1 2 1 2 1 1 1
1 2 2 2 2 2 1 2 2 2 1 2 2 2 1 2 2 2 2 2 1
1 2 1 1 1 1 1 1 1 2 1 2 1 1 1 1 1 1 1 2 1
1 2 2 2 2 2 2 2 2 2 1 2 2 2 2 2 2 2 2 2 1
1 1 1 1 1 1 1 1 1 1 1 1 1 1 1 1 1 1 1 1 1

legenda: 1 = parede; 0 = caminho livre; 
         2 = pontos; 3 = especial;
         4 = pacman;